-20.0000 10.0000 0.0000 1.0 0.0 0.0
-18.9474 10.0000 0.0000 1.0 0.0 0.0
-17.8947 10.0000 0.0000 1.0 0.0 0.0
-16.8421 10.0000 0.0000 1.0 0.0 0.0
-15.7895 10.0000 0.0000 1.0 0.0 0.0
-14.7368 10.0000 0.0000 1.0 0.0 0.0
-13.6842 10.0000 0.0000 1.0 0.0 0.0
-12.6316 10.0000 0.0000 1.0 0.0 0.0
-11.5789 10.0000 0.0000 1.0 0.0 0.0
-10.5263 10.0000 0.0000 1.0 0.0 0.0
-9.4737 10.0000 0.0000 1.0 0.0 0.0
-8.4211 10.0000 0.0000 1.0 0.0 0.0
-7.3684 10.0000 0.0000 1.0 0.0 0.0
-6.3158 10.0000 0.0000 1.0 0.0 0.0
-5.2632 10.0000 0.0000 1.0 0.0 0.0
-4.2105 10.0000 0.0000 1.0 0.0 0.0
-3.1579 10.0000 0.0000 1.0 0.0 0.0
-2.1053 10.0000 0.0000 1.0 0.0 0.0
-1.0526 10.0000 0.0000 1.0 0.0 0.0
0.0000 10.0000 0.0000 1.0 0.0 0.0
1.0526 10.0000 0.0000 1.0 0.0 0.0
2.1053 10.0000 0.0000 1.0 0.0 0.0
3.1579 10.0000 0.0000 1.0 0.0 0.0
4.2105 10.0000 0.0000 1.0 0.0 0.0
5.2632 10.0000 0.0000 1.0 0.0 0.0
6.3158 10.0000 0.0000 1.0 0.0 0.0
7.3684 10.0000 0.0000 1.0 0.0 0.0
8.4211 10.0000 0.0000 1.0 0.0 0.0
9.4737 10.0000 0.0000 1.0 0.0 0.0
10.5263 10.0000 0.0000 1.0 0.0 0.0
11.5789 10.0000 0.0000 1.0 0.0 0.0
12.6316 10.0000 0.0000 1.0 0.0 0.0
13.6842 10.0000 0.0000 1.0 0.0 0.0
14.7368 10.0000 0.0000 1.0 0.0 0.0
15.7895 10.0000 0.0000 1.0 0.0 0.0
16.8421 10.0000 0.0000 1.0 0.0 0.0
17.8947 10.0000 0.0000 1.0 0.0 0.0
18.9474 10.0000 0.0000 1.0 0.0 0.0
20.0000 10.0000 0.0000 1.0 0.0 0.0
